Type [C-a] [C-h] to see available commands

Terminal ready
autonegotiation complete 
link speed for phy address 0: 1000
Board IP: 192.168.1.10
Netmask : 255.255.255.0
Gateway : 192.168.1.1

PC IP: 192.168.1.11
UDP started @ port 8 for data and @ port 7 for commands
PL's clock ready
Turning DLL ON 
TragetC's registers initialized!
sleep to set the debug core
window id= 10
TestPattern Generator pass!
Arrays Initialization
Getting data11968
12009
12193
12194
12012
12111
12147
12163
12187
12287
12332
12179
12075
12084
12261
12254
12282
12187
12167
12231
12113
12130
12257
12181
12216
12187
12170
12267
12162
11971
12129
10883
1196
1200
1219
1219
1201
1211
1214
1216
1218
1228
1233
1217
1207
1208
1226
1225
1228
1218
1216
1223
1211
1213
1225
1218
1221
1218
1217
1226
1216
1197
1212
1088
12718
12603
12460
12374
12286
12388
12379
12278
12311
12460
12557
12516
12377
12439
12314
12296
12492
12481
12326
12412
12426
12409
12551
12492
12491
12473
12374
12474
12405
12545
12393
12155
1271
1260
1246
1237
1228
1238
1237
1227
1231
1246
1255
1251
1237
1243
1231
1229
1249
1248
1232
1241
1242
1240
1255
1249
1249
1247
1237
1247
1240
1254
1239
1215
12208
12387
12332
12276
12049
12109
12112
12147
12155
12227
12207
12234
12249
12315
12312
12202
12164
12110
12049
12156
12199
12266
12120
12027
12186
12205
12169
12132
12155
11851
12140
10917
1220
1238
1233
1227
1204
1210
1211
1214
1215
1222
1220
1223
1224
1231
1231
1220
1216
1211
1204
1215
1219
1226
1212
1202
1218
1220
1216
1213
1215
1185
1214
1091
Pedestal initialization pass!
DAC_VPED:7	0.000000 V
DAC_VPED:7	0.250000 V
DAC_VPED:7	0.500000 V
DAC_VPED:7	0.750000 V
DAC_VPED:7	1.000000 V
DAC_VPED:7	1.250000 V
DAC_VPED:7	1.500000 V
DAC_VPED:7	1.750000 V
DAC_VPED:7	2.000000 V
DAC_VPED:7	2.250000 V
DAC_VPED:7	2.500000 V
DAC_VPED:7	1.750000 V
Transfer function initialization pass!
Start while loop
Command start_stream received
flag_axidma_rx_done= 0 
flag_axidma_rx_done= 1 
wdo_id=1 
Time1 15949200841, Time2 15949190063, Diff 10778
XAxiDma_SimpleTransfer_hm took 32.0000
,1303,1298,1263,1266,1265,1260,1268,1249,1240,1263,1262,1254,1267,1263,1262,1264,1257,1262,1265,1269,1273,1266,1260,1273,1262,1283,1261,1273,1261,1249,1259,1246,1264,1263,1260,1251,1263,1275,1258,1259,1261,1250,1254,1249,1267,1245,1256,1263,1260,1268,1260,1246,1254,1248,1252,1260,1271,1273,1273,1269,1263,1255,1261,1246,1290,1279,1265,1254,1247,1255,1257,1249,1251,1264,1276,1273,1256,1262,1249,1246,1268,1267,1252,1263,1262,1262,1274,1269,1271,1267,1255,1267,1261,1272,1255,1225,1291,1264,1257,1256,1264,1248,1257,1249,1266,1266,1284,1288,1258,1251,1245,1260,1262,1264,1236,1257,1260,1244,1265,1265,1249,1246,1268,1254,1258,1250,1271,1245,1278,1281,1262,1266,1249,1247,1250,1250,1257,1248,1243,1252,1252,1258,1262,1270,1277,1265,1249,1265,1244,1249,1250,1242,1225,1240,1256,1262,1256,1248,1261,1256,1265,1272,1263,1253,1244,1251,1250,1249,1265,1252,1257,1241,1258,1246,1269,1267,1256,1255,1254,1235,1246,1252,1236,1248,1257,1275,1258,1270,1251,1238,1258,1234,1271,1255,1251,1262,1257,1247,1241,1248,1249,1248,1261,1270,1264,1266,1273,1255,1270,1260,1255,1255,1264,1267,1249,1239,1257,1263,1242,1248,1265,1252,1262,1242,1276,1270,1262,1246,1241,1243,1227,1222,1267,1270,1280,1272,1243,1252,1213,1267,1257,1267,1246,1244,1252,1262,1251,1273,1250,1249,1265,1273,1266,1218,1264,1251,1246,1262,1245,1242,1241,1239,1230,1248,1256,1255,1258,1258,1255,1246,1229,1248,1279,1257,1262,1249,1253,1261,1265,1268,1241,1254,1259,1246,1256,1256,1263,1255,1270,1272,1246,1239,1245,1230,1263,1255,1257,1260,1249,1258,1273,1266,1249,1261,1252,1260,1254,1264,1241,1240,1247,1259,1257,1258,1262,1258,1254,1257,1267,1258,1281,1280,1255,1261,1249,1239,1254,1256,1258,1249,1265,1263,1273,1253,1256,1258,1256,1266,1267,1258,1252,1255,1248,1249,1249,1264,1248,1254,1263,1262,1257,1255,1254,1264,1249,1246,1254,1255,1244,1207,1283,1280,1302,1306,1215,1241,1244,1275,1248,1265,1270,1283,1271,1271,1261,1272,1251,1263,1258,1269,1283,1264,1275,1265,1272,1272,1265,1271,1273,1263,1265,1265,1267,1281,1271,1266,1270,1276,1281,1272,1265,1266,1264,1265,1249,1255,1265,1246,1249,1255,1273,1265,1258,1256,1255,1242,1278,1267,1250,1254,1266,1258,1259,1253,1263,1256,1273,1261,1272,1265,1267,1268,1258,1262,1273,1276,1273,1266,1261,1264,1264,1268,1267,1260,1267,1265,1262,1262,1287,1294,1265,1273,1278,1294,1388,1424,1487,1504,1466,1442,1379,1352,1313,1296,1267,1279,1267,1278,1271,1277,1273,1271,1278,1270,1262,1270,1265,1264,1265,1271,1310,1264,1267,1272,1424,1837,1857,1856,1842,1854,1846,1846,1832,1830,1485,1398,1321,1326,1339,1280,1304,1255,1294,1281,1264,1275,1263,1279,1329,1265,1342,1264after freeing ptr
leaving trigger mode
Command start_stream received
flag_axidma_rx_done= 0 
flag_axidma_rx_done= 1 
wdo_id=1 
Time1 17815866329, Time2 17815855584, Diff 10745
XAxiDma_SimpleTransfer_hm took 32.0000
,1327,1325,1298,1304,1302,1301,1308,1286,1280,1303,1303,1294,1305,1303,1303,1302,1294,1299,1305,1309,1310,1304,1298,1312,1300,1321,1298,1310,1298,1286,1297,1284,1291,1289,1297,1289,1300,1312,1296,1297,1299,1290,1295,1288,1304,1283,1295,1301,1299,1309,1299,1286,1295,1288,1292,1300,1309,1311,1311,1307,1300,1294,1297,1286,1319,1311,1302,1295,1285,1294,1295,1284,1289,1302,1312,1308,1295,1303,1289,1286,1306,1305,1289,1298,1300,1298,1313,1308,1306,1304,1294,1304,1296,1311,1294,1262,1315,1291,1295,1290,1298,1279,1287,1286,1334,1303,1338,1299,1288,1278,1298,1295,1311,1297,1285,1287,1300,1287,1303,1298,1279,1288,1310,1297,1290,1297,1304,1284,1307,1308,1298,1305,1287,1283,1288,1288,1296,1289,1280,1290,1292,1296,1299,1308,1313,1303,1287,1303,1281,1286,1289,1281,1263,1278,1295,1298,1295,1284,1296,1294,1293,1303,1296,1289,1283,1288,1287,1282,1303,1290,1294,1281,1295,1284,1307,1305,1297,1292,1294,1276,1282,1290,1275,1287,1295,1312,1296,1309,1288,1274,1296,1273,1297,1279,1287,1299,1295,1283,1280,1289,1289,1289,1299,1308,1302,1304,1311,1295,1308,1297,1295,1292,1302,1304,1284,1276,1296,1299,1282,1287,1302,1291,1299,1280,1305,1298,1298,1283,1273,1273,1254,1278,1316,1313,1315,1280,1279,1282,1284,1279,1311,1302,1287,1280,1294,1300,1303,1298,1298,1289,1304,1316,1289,1280,1293,1294,1273,1290,1279,1279,1281,1279,1271,1286,1296,1292,1296,1296,1293,1284,1266,1286,1319,1295,1298,1288,1288,1299,1302,1306,1278,1292,1296,1282,1294,1295,1297,1295,1298,1302,1283,1277,1281,1268,1300,1295,1296,1298,1287,1296,1311,1305,1286,1296,1292,1298,1294,1302,1279,1281,1287,1296,1297,1296,1300,1297,1295,1295,1304,1296,1308,1311,1293,1296,1289,1276,1292,1294,1297,1288,1304,1298,1310,1290,1294,1297,1295,1304,1304,1296,1292,1295,1288,1287,1288,1304,1288,1295,1298,1301,1295,1294,1279,1292,1289,1282,1289,1287,1278,1280,1335,1323,1330,1308,1251,1279,1304,1284,1307,1306,1308,1319,1308,1302,1310,1295,1303,1305,1296,1314,1305,1319,1302,1305,1300,1302,1301,1306,1312,1303,1305,1305,1309,1319,1308,1306,1310,1314,1316,1310,1303,1302,1302,1300,1287,1290,1302,1286,1289,1294,1311,1304,1299,1295,1295,1282,1304,1296,1289,1295,1305,1299,1297,1293,1302,1296,1312,1298,1311,1307,1305,1309,1299,1297,1311,1312,1312,1305,1296,1304,1305,1311,1305,1298,1306,1303,1300,1300,1312,1320,1305,1312,1342,1396,1489,1504,1529,1528,1463,1432,1382,1361,1335,1325,1305,1312,1309,1316,1309,1314,1311,1310,1316,1310,1302,1311,1305,1303,1302,1311,1337,1297,1311,1389,1871,1872,1888,1889,1870,1885,1872,1872,1830,1606,1412,1357,1362,1357,1338,1314,1308,1322,1318,1315,1312,1292,1329,1305,1328,1326,1315,1350after freeing ptr
leaving trigger mode
Command start_stream received
flag_axidma_rx_done= 0 
flag_axidma_rx_done= 1 
wdo_id=1 
Time1 19515866315, Time2 19515855551, Diff 10764
XAxiDma_SimpleTransfer_hm took 32.0000
,1326,1327,1299,1304,1305,1300,1308,1287,1282,1303,1302,1294,1304,1303,1302,1305,1295,1301,1305,1308,1311,1304,1300,1312,1303,1323,1301,1311,1298,1287,1297,1284,1290,1289,1299,1290,1301,1312,1296,1297,1299,1290,1294,1291,1304,1284,1296,1300,1299,1309,1298,1286,1295,1289,1295,1303,1309,1313,1313,1306,1301,1295,1299,1286,1319,1311,1302,1294,1287,1294,1294,1284,1288,1302,1314,1311,1296,1302,1288,1286,1306,1307,1288,1298,1300,1298,1313,1309,1309,1307,1295,1304,1296,1310,1294,1265,1316,1292,1292,1293,1302,1282,1292,1281,1320,1304,1335,1319,1289,1287,1285,1302,1299,1308,1267,1296,1291,1290,1296,1305,1279,1285,1311,1290,1297,1288,1306,1286,1305,1308,1299,1305,1288,1284,1289,1291,1296,1288,1283,1293,1293,1297,1300,1311,1315,1303,1286,1302,1281,1287,1289,1283,1262,1281,1295,1301,1295,1287,1296,1295,1292,1303,1297,1290,1283,1289,1288,1284,1302,1293,1295,1279,1297,1284,1307,1304,1296,1294,1294,1277,1284,1293,1274,1289,1297,1312,1297,1309,1289,1277,1297,1275,1299,1280,1284,1298,1294,1284,1280,1288,1288,1288,1298,1311,1302,1304,1310,1295,1309,1297,1294,1293,1305,1307,1287,1279,1296,1300,1282,1286,1302,1289,1298,1280,1305,1299,1298,1284,1277,1278,1260,1262,1317,1308,1320,1298,1278,1289,1271,1295,1310,1302,1288,1287,1280,1305,1286,1311,1294,1283,1310,1311,1297,1266,1296,1298,1273,1290,1280,1280,1281,1279,1270,1289,1296,1292,1296,1296,1293,1287,1267,1288,1318,1295,1299,1288,1289,1299,1302,1309,1279,1292,1299,1284,1295,1295,1299,1294,1298,1305,1282,1277,1283,1271,1303,1294,1296,1298,1289,1297,1310,1306,1284,1296,1293,1298,1294,1305,1280,1280,1286,1296,1297,1297,1303,1299,1295,1295,1305,1297,1311,1311,1290,1297,1289,1276,1294,1297,1296,1288,1305,1301,1310,1290,1295,1296,1297,1305,1304,1299,1293,1297,1288,1286,1289,1305,1289,1295,1299,1300,1295,1294,1279,1294,1286,1284,1295,1293,1280,1249,1339,1318,1342,1329,1249,1281,1300,1302,1306,1302,1311,1324,1295,1311,1295,1306,1297,1294,1305,1306,1316,1312,1304,1308,1303,1304,1303,1309,1312,1303,1304,1305,1306,1319,1311,1306,1310,1315,1319,1313,1303,1304,1305,1302,1286,1293,1305,1286,1290,1294,1311,1304,1299,1297,1295,1283,1305,1296,1288,1295,1306,1299,1299,1292,1302,1296,1312,1299,1313,1309,1306,1308,1299,1302,1313,1314,1312,1307,1298,1304,1304,1311,1304,1299,1308,1302,1300,1300,1312,1321,1305,1311,1326,1356,1456,1484,1529,1536,1484,1458,1398,1376,1343,1328,1307,1315,1308,1319,1311,1314,1310,1310,1319,1310,1302,1310,1305,1303,1302,1311,1329,1295,1307,1318,1747,1873,1889,1886,1870,1882,1872,1872,1856,1754,1479,1353,1405,1310,1417,1296,1319,1326,1303,1345,1294,1305,1322,1288,1390,1287,1345,1319after freeing ptr
leaving trigger mode
Command start_stream received
flag_axidma_rx_done= 0 
flag_axidma_rx_done= 1 
wdo_id=1 
Time1 20849199641, Time2 20849188880, Diff 10761
XAxiDma_SimpleTransfer_hm took 32.0000
,1329,1326,1300,1307,1305,1300,1311,1289,1282,1302,1302,1296,1305,1302,1302,1304,1296,1300,1305,1308,1313,1306,1303,1313,1302,1325,1299,1313,1301,1287,1296,1287,1293,1289,1298,1290,1303,1315,1297,1299,1298,1290,1295,1290,1305,1286,1297,1300,1300,1308,1301,1287,1294,1288,1294,1303,1308,1313,1313,1308,1303,1296,1299,1286,1318,1310,1305,1294,1284,1294,1294,1287,1289,1305,1314,1310,1296,1305,1291,1287,1308,1306,1291,1298,1303,1301,1314,1308,1308,1306,1295,1307,1296,1310,1294,1265,1319,1292,1292,1295,1302,1286,1295,1282,1317,1307,1330,1320,1295,1289,1283,1305,1299,1308,1268,1297,1295,1289,1299,1304,1280,1287,1311,1293,1297,1286,1308,1283,1306,1311,1301,1307,1288,1287,1291,1290,1297,1288,1283,1292,1292,1298,1303,1310,1314,1302,1287,1302,1283,1287,1291,1282,1262,1280,1295,1303,1296,1287,1297,1294,1295,1302,1298,1290,1282,1289,1289,1286,1302,1293,1295,1281,1296,1287,1306,1305,1296,1295,1295,1276,1286,1292,1276,1288,1295,1312,1298,1308,1289,1277,1297,1272,1297,1280,1287,1299,1295,1284,1281,1289,1291,1288,1298,1310,1305,1306,1310,1295,1311,1299,1295,1295,1305,1307,1287,1278,1297,1303,1283,1289,1305,1289,1298,1280,1305,1298,1299,1282,1276,1279,1263,1263,1314,1311,1320,1305,1281,1291,1262,1297,1307,1304,1288,1286,1284,1307,1284,1311,1293,1287,1310,1310,1305,1265,1297,1295,1273,1290,1280,1280,1281,1278,1270,1289,1296,1294,1297,1297,1293,1287,1269,1289,1318,1297,1300,1289,1291,1299,1305,1311,1281,1295,1297,1284,1296,1294,1301,1295,1300,1305,1285,1279,1282,1270,1302,1295,1296,1299,1288,1298,1311,1306,1286,1297,1292,1301,1294,1305,1280,1280,1287,1299,1298,1298,1303,1299,1294,1294,1304,1296,1310,1310,1293,1298,1289,1279,1294,1295,1297,1288,1304,1300,1311,1293,1297,1296,1296,1307,1305,1299,1292,1297,1287,1286,1289,1304,1289,1294,1299,1298,1296,1294,1279,1294,1289,1284,1294,1292,1282,1246,1337,1321,1345,1335,1249,1280,1296,1311,1302,1305,1311,1324,1299,1312,1295,1311,1295,1296,1304,1304,1321,1311,1310,1308,1302,1305,1303,1308,1313,1303,1304,1304,1306,1321,1311,1309,1310,1316,1319,1312,1305,1307,1304,1304,1288,1292,1305,1286,1290,1295,1313,1304,1299,1297,1295,1281,1306,1299,1291,1295,1306,1299,1299,1295,1305,1299,1313,1300,1312,1309,1309,1311,1298,1303,1312,1316,1315,1306,1299,1307,1305,1311,1307,1301,1308,1305,1303,1303,1315,1322,1304,1312,1322,1348,1449,1476,1527,1539,1493,1464,1406,1382,1345,1336,1306,1317,1308,1318,1310,1314,1311,1310,1318,1313,1302,1311,1304,1302,1305,1310,1336,1299,1311,1319,1645,1873,1888,1889,1871,1885,1873,1875,1858,1805,1492,1388,1392,1323,1411,1300,1331,1313,1308,1331,1289,1311,1313,1304,1393,1290,1382,1312after freeing ptr
leaving trigger mode
Command start_stream received
flag_axidma_rx_done= 0 
flag_axidma_rx_done= 1 
wdo_id=1 
Time1 22415866418, Time2 22415855663, Diff 10755
XAxiDma_SimpleTransfer_hm took 32.0000
,1328,1329,1303,1309,1306,1302,1310,1291,1284,1305,1305,1296,1308,1305,1305,1306,1296,1303,1304,1311,1312,1308,1303,1314,1304,1327,1302,1313,1303,1288,1299,1287,1294,1293,1300,1292,1302,1317,1299,1301,1300,1295,1295,1290,1309,1284,1298,1302,1302,1311,1303,1288,1295,1291,1297,1302,1310,1313,1314,1311,1302,1296,1301,1286,1318,1311,1304,1296,1287,1296,1296,1287,1293,1307,1319,1313,1299,1304,1290,1289,1311,1308,1295,1303,1305,1303,1316,1311,1310,1308,1297,1309,1298,1312,1294,1265,1318,1295,1295,1295,1305,1288,1297,1286,1312,1308,1331,1326,1295,1293,1283,1302,1303,1308,1272,1297,1297,1286,1302,1304,1287,1288,1310,1294,1298,1288,1311,1282,1311,1310,1303,1309,1291,1287,1293,1292,1298,1290,1283,1294,1294,1301,1305,1313,1314,1305,1288,1305,1284,1288,1290,1285,1264,1281,1296,1302,1297,1286,1299,1296,1295,1305,1298,1292,1285,1290,1290,1286,1305,1295,1296,1281,1299,1287,1311,1306,1299,1294,1296,1279,1287,1295,1279,1291,1296,1314,1301,1310,1293,1278,1298,1273,1298,1283,1287,1303,1297,1286,1282,1290,1290,1290,1303,1311,1305,1309,1312,1296,1310,1303,1296,1294,1305,1309,1287,1281,1298,1305,1285,1289,1304,1291,1299,1280,1307,1303,1300,1286,1279,1283,1265,1263,1312,1311,1320,1308,1280,1292,1258,1304,1304,1308,1288,1286,1290,1306,1289,1315,1295,1291,1308,1313,1309,1260,1302,1295,1273,1295,1283,1283,1282,1280,1273,1289,1298,1294,1298,1298,1294,1287,1271,1290,1320,1297,1302,1290,1293,1300,1304,1310,1280,1294,1299,1286,1296,1297,1302,1294,1303,1305,1287,1279,1284,1273,1305,1296,1299,1300,1289,1300,1312,1311,1287,1301,1294,1303,1296,1306,1282,1282,1289,1299,1300,1303,1305,1300,1295,1297,1306,1299,1313,1312,1294,1299,1293,1279,1295,1299,1299,1290,1306,1302,1312,1295,1296,1298,1299,1309,1309,1300,1294,1297,1290,1288,1293,1306,1293,1295,1302,1303,1297,1297,1280,1295,1290,1286,1296,1294,1286,1246,1335,1320,1343,1340,1249,1280,1293,1313,1296,1306,1312,1324,1306,1312,1296,1313,1294,1300,1305,1306,1322,1308,1312,1306,1302,1304,1305,1310,1314,1305,1305,1307,1308,1320,1310,1311,1312,1319,1321,1315,1304,1311,1306,1307,1291,1295,1305,1286,1295,1297,1313,1306,1302,1299,1296,1284,1311,1298,1293,1297,1308,1301,1300,1294,1304,1299,1316,1303,1314,1311,1311,1310,1300,1305,1315,1318,1316,1311,1303,1309,1308,1311,1308,1302,1310,1307,1304,1305,1317,1324,1306,1313,1323,1345,1440,1472,1529,1542,1500,1472,1415,1391,1353,1337,1311,1318,1311,1320,1311,1319,1312,1313,1321,1315,1304,1312,1307,1304,1305,1313,1343,1302,1310,1314,1559,1872,1890,1889,1872,1887,1876,1875,1859,1839,1504,1414,1374,1348,1398,1311,1344,1310,1324,1328,1296,1316,1311,1313,1381,1297,1382,1311after freeing ptr
leaving trigger mode
Command start_stream received
flag_axidma_rx_done= 0 
flag_axidma_rx_done= 1 
wdo_id=1 
Time1 23515866570, Time2 23515855818, Diff 10752
XAxiDma_SimpleTransfer_hm took 32.0000
,1326,1327,1298,1304,1302,1300,1308,1287,1281,1303,1302,1294,1304,1303,1303,1305,1295,1299,1305,1309,1310,1305,1299,1312,1303,1323,1299,1310,1301,1286,1297,1282,1290,1288,1298,1289,1300,1312,1296,1296,1298,1290,1294,1289,1304,1282,1297,1300,1300,1309,1298,1286,1295,1288,1292,1300,1309,1311,1313,1306,1299,1294,1296,1283,1316,1311,1302,1294,1287,1295,1295,1286,1289,1302,1315,1311,1296,1302,1288,1287,1308,1304,1289,1298,1300,1299,1312,1309,1309,1304,1295,1304,1297,1310,1295,1263,1316,1292,1294,1294,1302,1289,1299,1288,1299,1302,1320,1326,1302,1293,1287,1295,1307,1296,1287,1291,1305,1272,1305,1299,1288,1286,1305,1296,1297,1292,1304,1285,1305,1308,1298,1304,1288,1287,1288,1291,1296,1288,1281,1293,1295,1296,1303,1310,1315,1302,1286,1302,1281,1287,1289,1280,1262,1278,1294,1300,1294,1284,1296,1295,1292,1303,1296,1289,1282,1288,1288,1284,1303,1290,1294,1279,1297,1285,1307,1305,1296,1294,1294,1277,1287,1293,1276,1287,1294,1312,1297,1308,1289,1274,1296,1272,1296,1280,1284,1298,1295,1284,1279,1288,1288,1287,1299,1308,1302,1304,1310,1294,1308,1298,1295,1292,1302,1304,1287,1277,1296,1300,1281,1287,1303,1288,1299,1281,1302,1298,1298,1282,1278,1280,1267,1265,1297,1308,1319,1313,1287,1292,1250,1305,1290,1304,1283,1284,1297,1293,1299,1310,1296,1290,1298,1314,1302,1263,1301,1287,1273,1293,1281,1280,1280,1278,1270,1287,1297,1293,1296,1297,1293,1287,1266,1287,1318,1295,1301,1287,1289,1299,1302,1309,1278,1292,1296,1283,1294,1295,1298,1293,1298,1305,1285,1276,1281,1268,1301,1294,1297,1298,1288,1298,1310,1306,1286,1297,1293,1298,1295,1305,1281,1280,1287,1299,1297,1297,1300,1297,1294,1292,1305,1295,1311,1310,1293,1299,1289,1279,1295,1297,1296,1288,1305,1301,1311,1293,1295,1296,1297,1304,1307,1297,1295,1295,1289,1287,1288,1305,1288,1294,1298,1299,1296,1295,1279,1295,1287,1285,1295,1292,1288,1252,1310,1318,1341,1351,1258,1280,1280,1314,1273,1305,1305,1320,1311,1294,1306,1309,1296,1305,1288,1310,1320,1306,1311,1297,1303,1304,1303,1309,1312,1300,1305,1305,1305,1318,1309,1305,1311,1315,1320,1313,1305,1307,1304,1304,1288,1295,1305,1284,1290,1294,1311,1305,1300,1296,1294,1281,1305,1296,1288,1295,1306,1297,1296,1292,1303,1296,1312,1299,1313,1306,1306,1308,1299,1303,1313,1316,1313,1309,1298,1305,1304,1308,1307,1298,1308,1305,1300,1303,1312,1320,1305,1310,1314,1328,1410,1450,1519,1537,1511,1489,1424,1398,1358,1339,1309,1319,1309,1319,1311,1316,1310,1310,1318,1310,1302,1310,1305,1302,1302,1310,1333,1295,1304,1311,1399,1858,1886,1886,1871,1881,1872,1872,1862,1873,1569,1481,1344,1409,1347,1358,1343,1267,1367,1304,1324,1311,1297,1324,1339,1320,1346,1318after freeing ptr
leaving trigger mode
Command start_stream received
flag_axidma_rx_done= 0 
flag_axidma_rx_done= 1 
wdo_id=1 
Time1 24949199637, Time2 24949188881, Diff 10756
XAxiDma_SimpleTransfer_hm took 32.0000
,1326,1326,1298,1304,1302,1300,1308,1289,1282,1303,1303,1294,1304,1303,1302,1305,1295,1301,1305,1308,1311,1304,1301,1313,1302,1322,1300,1311,1299,1286,1296,1284,1292,1288,1299,1289,1300,1312,1296,1296,1299,1291,1294,1289,1304,1282,1297,1301,1301,1308,1299,1286,1294,1288,1295,1303,1308,1313,1313,1306,1298,1294,1296,1285,1319,1310,1302,1294,1284,1294,1294,1287,1291,1305,1314,1310,1296,1302,1289,1286,1308,1306,1290,1301,1303,1299,1315,1308,1309,1305,1295,1305,1296,1310,1295,1263,1316,1292,1295,1295,1302,1286,1296,1286,1308,1309,1324,1327,1297,1291,1282,1298,1300,1305,1276,1294,1298,1283,1303,1302,1284,1287,1306,1294,1297,1288,1309,1281,1305,1308,1300,1305,1288,1284,1291,1289,1296,1288,1281,1293,1292,1299,1300,1311,1313,1303,1286,1302,1282,1287,1288,1283,1262,1280,1294,1299,1295,1287,1296,1295,1295,1302,1297,1291,1283,1288,1288,1284,1303,1290,1294,1280,1297,1284,1306,1304,1296,1292,1294,1274,1287,1293,1276,1287,1295,1313,1296,1309,1288,1275,1296,1273,1297,1280,1284,1298,1294,1285,1281,1288,1288,1288,1298,1311,1302,1304,1310,1295,1308,1298,1294,1292,1305,1305,1286,1279,1297,1303,1281,1287,1302,1288,1298,1279,1305,1298,1299,1282,1277,1281,1265,1262,1309,1308,1319,1310,1280,1290,1252,1304,1296,1305,1286,1284,1292,1302,1293,1312,1295,1290,1305,1312,1306,1256,1300,1289,1272,1293,1281,1280,1280,1278,1270,1289,1296,1295,1296,1297,1293,1287,1268,1288,1319,1294,1301,1288,1289,1299,1305,1308,1278,1292,1296,1285,1295,1295,1298,1293,1298,1305,1283,1276,1283,1271,1303,1297,1296,1298,1289,1297,1310,1306,1286,1299,1295,1301,1294,1305,1280,1280,1287,1297,1297,1299,1303,1297,1294,1295,1305,1295,1310,1311,1293,1297,1288,1279,1294,1296,1297,1288,1304,1300,1310,1291,1295,1296,1297,1304,1305,1299,1295,1295,1289,1287,1288,1305,1288,1295,1298,1298,1295,1295,1279,1294,1289,1283,1294,1292,1286,1246,1329,1321,1343,1343,1249,1280,1284,1312,1288,1304,1311,1320,1306,1307,1297,1311,1293,1301,1298,1306,1320,1304,1310,1303,1302,1305,1302,1308,1312,1303,1305,1304,1306,1319,1309,1307,1310,1317,1319,1311,1305,1306,1304,1304,1288,1295,1304,1286,1290,1294,1313,1304,1298,1297,1295,1283,1307,1296,1289,1295,1306,1297,1297,1295,1302,1296,1312,1300,1313,1306,1306,1308,1297,1303,1313,1316,1313,1309,1298,1305,1304,1311,1307,1301,1308,1305,1300,1303,1312,1321,1305,1311,1318,1336,1433,1467,1522,1540,1503,1476,1414,1391,1350,1337,1306,1319,1308,1318,1311,1315,1310,1311,1318,1311,1302,1310,1302,1302,1302,1310,1334,1295,1309,1312,1494,1868,1888,1886,1870,1881,1872,1872,1857,1850,1516,1438,1362,1362,1374,1319,1352,1295,1327,1316,1303,1313,1302,1317,1359,1299,1383,1309after freeing ptr
leaving trigger mode
Command start_stream received
flag_axidma_rx_done= 0 
flag_axidma_rx_done= 1 
wdo_id=1 
Time1 26582533179, Time2 26582522406, Diff 10773
XAxiDma_SimpleTransfer_hm took 32.0000
,1329,1326,1300,1306,1305,1303,1310,1288,1283,1302,1302,1296,1307,1302,1302,1307,1297,1300,1305,1308,1313,1307,1302,1314,1305,1327,1300,1312,1300,1287,1297,1282,1294,1290,1299,1293,1303,1314,1298,1299,1301,1292,1297,1293,1307,1287,1296,1302,1300,1308,1300,1288,1294,1289,1294,1302,1308,1312,1312,1308,1300,1295,1298,1283,1318,1310,1305,1295,1287,1295,1296,1286,1290,1304,1315,1310,1297,1305,1291,1289,1311,1309,1290,1300,1302,1303,1314,1311,1310,1309,1295,1306,1299,1310,1295,1263,1318,1295,1294,1295,1300,1282,1288,1286,1330,1304,1337,1306,1290,1282,1294,1303,1311,1306,1279,1295,1296,1290,1299,1305,1278,1286,1312,1294,1297,1292,1306,1284,1306,1311,1303,1306,1291,1286,1290,1293,1299,1290,1282,1295,1294,1298,1302,1310,1315,1302,1286,1305,1281,1287,1289,1283,1265,1280,1296,1300,1296,1287,1297,1295,1294,1302,1299,1291,1283,1289,1291,1284,1305,1292,1297,1283,1296,1287,1308,1307,1299,1294,1295,1279,1287,1295,1276,1289,1297,1313,1299,1308,1293,1276,1298,1272,1298,1282,1287,1303,1295,1286,1281,1291,1290,1288,1299,1310,1305,1306,1311,1295,1310,1300,1295,1294,1305,1309,1286,1278,1298,1302,1284,1288,1305,1289,1298,1281,1305,1300,1299,1284,1274,1276,1258,1274,1319,1313,1316,1288,1278,1287,1283,1283,1315,1302,1288,1286,1286,1305,1297,1305,1298,1286,1311,1314,1294,1278,1295,1296,1272,1292,1280,1283,1281,1280,1272,1288,1299,1294,1299,1299,1295,1287,1271,1289,1321,1296,1300,1290,1289,1299,1304,1311,1280,1294,1298,1284,1297,1295,1301,1292,1300,1305,1284,1278,1283,1270,1303,1295,1297,1301,1289,1299,1313,1308,1289,1298,1294,1300,1297,1304,1280,1281,1286,1298,1299,1298,1305,1298,1294,1294,1304,1296,1311,1311,1295,1298,1290,1279,1297,1296,1298,1291,1307,1303,1313,1295,1296,1296,1296,1306,1306,1301,1295,1296,1288,1286,1293,1304,1290,1295,1300,1303,1296,1294,1280,1294,1286,1284,1295,1288,1281,1272,1336,1322,1336,1314,1248,1278,1307,1289,1311,1306,1310,1322,1302,1311,1305,1303,1302,1298,1304,1312,1310,1321,1303,1309,1305,1304,1302,1308,1314,1302,1307,1306,1311,1320,1310,1308,1311,1319,1319,1312,1302,1304,1304,1304,1288,1294,1304,1287,1292,1295,1312,1306,1303,1296,1296,1282,1306,1297,1291,1295,1309,1299,1301,1295,1304,1298,1314,1303,1312,1308,1308,1311,1300,1303,1313,1317,1314,1308,1298,1309,1307,1310,1309,1303,1310,1305,1302,1302,1315,1325,1304,1314,1339,1387,1481,1500,1530,1534,1470,1443,1391,1366,1338,1329,1308,1314,1311,1318,1310,1319,1310,1312,1318,1312,1304,1313,1305,1304,1304,1311,1343,1294,1311,1345,1864,1872,1889,1889,1873,1884,1874,1874,1849,1662,1455,1342,1402,1329,1387,1311,1306,1331,1311,1328,1310,1302,1348,1295,1360,1313,1331,1343after freeing ptr
leaving trigger mode
FSTWINDOW = 0
FSTWINDOW = 0
fstWindowValue 0 
FSTWINDOW = 4
fstWindowValue 4 
FSTWINDOW = 8
fstWindowValue 8 
FSTWINDOW = 0
FSTWINDOW = 0
fstWindowValue 0 
FSTWINDOW = 4
fstWindowValue 4 
FSTWINDOW = 8
fstWindowValue 8 
FSTWINDOW = 0
FSTWINDOW = 0
fstWindowValue 0 
FSTWINDOW = 4
fstWindowValue 4 
FSTWINDOW = 8
fstWindowValue 8 
FSTWINDOW = 0
FSTWINDOW = 0
fstWindowValue 0 
FSTWINDOW = 4
fstWindowValue 4 
FSTWINDOW = 8
fstWindowValue 8 
Command start_stream received
flag_axidma_rx_done= 0 
flag_axidma_rx_done= 1 
wdo_id=1 
Time1 71849201940, Time2 71849191200, Diff 10740
XAxiDma_SimpleTransfer_hm took 32.0000
,1306,1302,1265,1271,1267,1262,1273,1249,1246,1265,1264,1257,1268,1265,1264,1267,1258,1262,1266,1270,1274,1271,1265,1279,1264,1286,1262,1272,1263,1247,1256,1232,1268,1265,1265,1254,1265,1279,1263,1260,1260,1255,1256,1252,1268,1247,1258,1262,1265,1270,1262,1249,1256,1251,1257,1265,1273,1277,1276,1268,1265,1255,1257,1232,1297,1281,1266,1256,1249,1256,1259,1248,1253,1267,1278,1275,1260,1264,1250,1248,1273,1271,1254,1264,1264,1262,1278,1270,1273,1268,1257,1269,1263,1273,1258,1208,1296,1267,1258,1257,1265,1251,1257,1249,1273,1268,1289,1289,1261,1252,1247,1260,1265,1266,1245,1256,1265,1243,1266,1265,1250,1248,1273,1256,1261,1248,1271,1231,1283,1282,1264,1270,1252,1249,1252,1255,1260,1250,1244,1254,1257,1263,1264,1272,1278,1264,1251,1264,1247,1248,1254,1247,1224,1240,1257,1262,1256,1244,1257,1244,1270,1277,1264,1255,1249,1251,1252,1248,1265,1254,1257,1242,1260,1248,1270,1268,1261,1257,1257,1239,1248,1254,1241,1250,1258,1277,1263,1270,1253,1233,1259,1219,1273,1255,1250,1265,1258,1248,1244,1251,1251,1251,1263,1272,1266,1268,1275,1258,1272,1262,1259,1257,1266,1268,1249,1238,1260,1265,1246,1249,1264,1248,1258,1231,1281,1275,1265,1249,1243,1244,1227,1224,1272,1273,1284,1272,1244,1254,1217,1268,1259,1270,1248,1248,1256,1262,1259,1275,1257,1255,1266,1276,1268,1216,1263,1238,1251,1264,1247,1247,1247,1241,1235,1250,1261,1256,1265,1262,1257,1248,1233,1251,1282,1261,1264,1253,1255,1263,1267,1270,1240,1255,1262,1246,1259,1254,1261,1245,1276,1279,1251,1240,1249,1232,1264,1258,1261,1262,1250,1263,1274,1270,1250,1262,1256,1265,1258,1268,1247,1242,1249,1263,1262,1262,1264,1262,1256,1254,1267,1251,1289,1285,1257,1262,1254,1240,1256,1261,1262,1254,1271,1264,1274,1255,1260,1263,1260,1271,1270,1262,1257,1261,1255,1250,1254,1269,1252,1256,1265,1262,1260,1249,1263,1271,1254,1249,1256,1256,1249,1210,1293,1282,1306,1307,1216,1246,1247,1278,1247,1271,1272,1286,1275,1266,1264,1273,1259,1264,1262,1273,1286,1268,1277,1258,1278,1276,1266,1272,1278,1264,1266,1268,1270,1282,1272,1270,1274,1281,1282,1276,1267,1270,1268,1268,1254,1256,1266,1248,1254,1257,1276,1267,1265,1258,1259,1243,1283,1270,1254,1257,1270,1262,1263,1257,1265,1263,1278,1265,1279,1270,1273,1273,1262,1264,1276,1281,1279,1270,1262,1271,1271,1272,1270,1264,1273,1267,1264,1264,1291,1298,1269,1276,1282,1303,1398,1432,1491,1508,1471,1443,1381,1352,1314,1298,1270,1280,1270,1282,1272,1279,1277,1273,1283,1277,1267,1277,1267,1266,1266,1272,1320,1270,1273,1279,1455,1833,1856,1857,1842,1854,1847,1846,1832,1830,1495,1420,1318,1334,1302,1281,1310,1242,1297,1272,1273,1275,1262,1280,1315,1272,1329,1272after freeing ptr
leaving trigger mode
Command start_stream received
flag_axidma_rx_done= 0 
flag_axidma_rx_done= 1 
wdo_id=1 
Time1 73682535648, Time2 73682524892, Diff 10756
XAxiDma_SimpleTransfer_hm took 32.0000
,1328,1329,1302,1308,1306,1305,1312,1290,1287,1304,1304,1299,1308,1304,1305,1308,1298,1305,1306,1310,1314,1311,1304,1316,1304,1326,1302,1313,1302,1286,1296,1274,1295,1295,1303,1295,1302,1316,1300,1303,1302,1295,1296,1295,1311,1289,1298,1305,1305,1310,1302,1289,1296,1292,1296,1305,1310,1314,1314,1308,1303,1294,1297,1274,1320,1312,1304,1296,1288,1297,1297,1289,1295,1307,1319,1312,1301,1307,1292,1289,1310,1311,1295,1302,1304,1302,1318,1310,1310,1308,1297,1309,1299,1310,1296,1251,1320,1296,1296,1296,1302,1284,1291,1287,1332,1304,1338,1310,1294,1287,1295,1304,1306,1310,1277,1299,1296,1295,1303,1307,1282,1287,1315,1295,1299,1288,1307,1274,1308,1313,1302,1308,1293,1287,1292,1295,1300,1292,1284,1294,1295,1302,1305,1312,1319,1304,1289,1305,1283,1291,1293,1287,1264,1283,1299,1302,1296,1282,1296,1286,1296,1305,1300,1292,1286,1292,1292,1287,1304,1294,1297,1282,1298,1289,1311,1309,1301,1297,1297,1278,1287,1294,1278,1290,1297,1315,1303,1310,1292,1273,1297,1262,1300,1283,1288,1302,1296,1286,1282,1290,1292,1290,1303,1313,1304,1308,1312,1297,1311,1303,1296,1297,1305,1311,1288,1280,1300,1305,1287,1288,1304,1287,1297,1273,1309,1302,1302,1288,1276,1279,1260,1275,1321,1313,1320,1295,1280,1289,1280,1289,1317,1306,1293,1290,1287,1309,1296,1311,1298,1286,1315,1314,1299,1272,1295,1290,1276,1297,1281,1282,1282,1280,1274,1293,1300,1297,1303,1300,1294,1288,1270,1290,1321,1297,1305,1293,1293,1303,1305,1311,1283,1295,1301,1287,1297,1294,1299,1287,1304,1309,1287,1280,1286,1272,1305,1296,1300,1302,1293,1303,1313,1310,1291,1303,1296,1302,1297,1308,1285,1283,1289,1303,1302,1300,1304,1303,1296,1294,1304,1293,1312,1312,1296,1303,1294,1281,1297,1298,1302,1295,1311,1304,1315,1294,1299,1303,1300,1311,1311,1302,1296,1298,1292,1289,1294,1308,1295,1296,1305,1303,1297,1291,1282,1297,1293,1289,1295,1295,1285,1270,1340,1324,1343,1319,1251,1283,1310,1298,1312,1311,1312,1327,1301,1313,1305,1307,1305,1300,1308,1312,1317,1318,1304,1308,1304,1309,1305,1313,1319,1304,1311,1311,1311,1325,1312,1310,1313,1319,1322,1314,1307,1311,1309,1306,1292,1297,1309,1289,1294,1299,1316,1311,1304,1298,1298,1285,1310,1302,1295,1297,1310,1302,1305,1296,1309,1303,1318,1305,1316,1310,1310,1312,1303,1305,1317,1318,1318,1310,1302,1310,1311,1312,1310,1305,1312,1309,1305,1304,1318,1326,1308,1319,1341,1385,1481,1503,1534,1538,1478,1450,1393,1372,1342,1330,1310,1318,1312,1325,1312,1321,1313,1314,1323,1316,1306,1312,1311,1307,1308,1313,1345,1303,1310,1335,1855,1871,1889,1889,1872,1886,1874,1874,1852,1697,1470,1343,1408,1318,1407,1313,1315,1330,1305,1334,1307,1306,1343,1293,1377,1310,1344,1345after freeing ptr
leaving trigger mode
Command start_stream received
flag_axidma_rx_done= 0 
flag_axidma_rx_done= 1 
wdo_id=1 
Time1 75215868988, Time2 75215858222, Diff 10766
XAxiDma_SimpleTransfer_hm took 32.0000
,1328,1328,1302,1308,1305,1302,1310,1291,1286,1305,1304,1298,1308,1304,1305,1308,1298,1302,1306,1310,1313,1309,1302,1317,1304,1327,1302,1312,1303,1287,1296,1275,1294,1292,1303,1295,1302,1316,1301,1298,1300,1295,1297,1292,1308,1286,1298,1305,1302,1310,1303,1291,1296,1290,1296,1305,1310,1315,1314,1310,1302,1294,1296,1273,1320,1312,1305,1297,1287,1296,1296,1287,1292,1305,1319,1313,1298,1304,1293,1289,1310,1311,1295,1303,1305,1303,1316,1311,1310,1309,1296,1306,1298,1310,1296,1250,1320,1295,1296,1295,1305,1284,1293,1286,1329,1307,1336,1311,1293,1286,1288,1304,1304,1312,1271,1296,1294,1295,1298,1304,1282,1287,1313,1290,1297,1287,1305,1273,1308,1311,1302,1309,1290,1286,1293,1295,1299,1290,1283,1295,1294,1300,1304,1313,1316,1305,1289,1304,1285,1288,1290,1284,1264,1280,1296,1303,1296,1282,1296,1287,1297,1305,1300,1292,1287,1290,1293,1286,1304,1294,1296,1282,1299,1287,1311,1306,1299,1294,1296,1278,1287,1294,1278,1291,1296,1314,1301,1311,1293,1273,1297,1263,1300,1285,1289,1302,1297,1287,1282,1290,1292,1290,1300,1311,1304,1309,1312,1296,1311,1300,1297,1296,1304,1311,1288,1281,1298,1302,1287,1288,1305,1287,1297,1271,1306,1300,1302,1286,1279,1279,1263,1272,1320,1312,1321,1295,1280,1291,1279,1293,1314,1309,1290,1290,1283,1308,1291,1308,1298,1286,1312,1312,1299,1271,1292,1288,1277,1295,1282,1282,1283,1280,1273,1290,1301,1295,1300,1300,1294,1288,1270,1290,1320,1297,1302,1290,1293,1303,1305,1310,1281,1294,1300,1284,1296,1294,1299,1287,1305,1309,1286,1279,1287,1272,1304,1297,1300,1303,1290,1300,1313,1311,1288,1300,1295,1302,1296,1309,1284,1284,1288,1301,1302,1300,1305,1298,1296,1295,1304,1291,1313,1313,1297,1303,1295,1280,1296,1298,1303,1292,1308,1302,1313,1295,1298,1300,1298,1311,1310,1303,1295,1298,1292,1288,1294,1309,1295,1296,1302,1303,1296,1289,1282,1297,1292,1287,1297,1293,1285,1270,1343,1324,1340,1320,1253,1280,1307,1303,1313,1310,1313,1329,1297,1313,1299,1305,1302,1298,1311,1310,1317,1316,1305,1306,1304,1307,1304,1311,1316,1305,1308,1309,1311,1325,1313,1310,1313,1319,1322,1314,1305,1311,1306,1306,1293,1295,1306,1288,1295,1299,1314,1308,1305,1297,1297,1282,1311,1300,1295,1297,1310,1302,1302,1297,1306,1300,1319,1302,1317,1310,1310,1312,1302,1304,1316,1318,1318,1310,1302,1311,1308,1313,1311,1305,1313,1305,1304,1305,1318,1326,1308,1316,1336,1378,1474,1499,1534,1538,1480,1452,1396,1374,1342,1332,1310,1318,1313,1320,1312,1321,1313,1315,1320,1316,1305,1312,1308,1305,1306,1312,1344,1297,1310,1326,1838,1870,1889,1889,1871,1885,1872,1873,1855,1714,1479,1344,1407,1311,1398,1308,1313,1330,1302,1337,1298,1304,1337,1289,1391,1302,1351,1330after freeing ptr
leaving trigger mode
